{
 "cells": [
  {
   "cell_type": "code",
   "execution_count": 1,
   "metadata": {},
   "outputs": [],
   "source": [
    "import pandas as pd"
   ]
  },
  {
   "cell_type": "code",
   "execution_count": 8,
   "metadata": {},
   "outputs": [
    {
     "data": {
      "text/html": [
       "<div>\n",
       "<style scoped>\n",
       "    .dataframe tbody tr th:only-of-type {\n",
       "        vertical-align: middle;\n",
       "    }\n",
       "\n",
       "    .dataframe tbody tr th {\n",
       "        vertical-align: top;\n",
       "    }\n",
       "\n",
       "    .dataframe thead th {\n",
       "        text-align: right;\n",
       "    }\n",
       "</style>\n",
       "<table border=\"1\" class=\"dataframe\">\n",
       "  <thead>\n",
       "    <tr style=\"text-align: right;\">\n",
       "      <th></th>\n",
       "      <th>filename</th>\n",
       "      <th>x</th>\n",
       "      <th>y</th>\n",
       "      <th>w</th>\n",
       "      <th>h</th>\n",
       "      <th>score</th>\n",
       "    </tr>\n",
       "  </thead>\n",
       "  <tbody>\n",
       "    <tr>\n",
       "      <th>0</th>\n",
       "      <td>atordjma_001.jpg</td>\n",
       "      <td>363</td>\n",
       "      <td>151</td>\n",
       "      <td>557</td>\n",
       "      <td>738</td>\n",
       "      <td>1.000000</td>\n",
       "    </tr>\n",
       "    <tr>\n",
       "      <th>1</th>\n",
       "      <td>atordjma_002.jpg</td>\n",
       "      <td>672</td>\n",
       "      <td>582</td>\n",
       "      <td>224</td>\n",
       "      <td>366</td>\n",
       "      <td>0.999872</td>\n",
       "    </tr>\n",
       "    <tr>\n",
       "      <th>2</th>\n",
       "      <td>atordjma_003.jpg</td>\n",
       "      <td>1199</td>\n",
       "      <td>298</td>\n",
       "      <td>649</td>\n",
       "      <td>616</td>\n",
       "      <td>1.000000</td>\n",
       "    </tr>\n",
       "    <tr>\n",
       "      <th>3</th>\n",
       "      <td>atordjma_003.jpg</td>\n",
       "      <td>1275</td>\n",
       "      <td>309</td>\n",
       "      <td>261</td>\n",
       "      <td>114</td>\n",
       "      <td>0.980425</td>\n",
       "    </tr>\n",
       "    <tr>\n",
       "      <th>4</th>\n",
       "      <td>atordjma_004.jpg</td>\n",
       "      <td>906</td>\n",
       "      <td>340</td>\n",
       "      <td>244</td>\n",
       "      <td>346</td>\n",
       "      <td>0.999975</td>\n",
       "    </tr>\n",
       "    <tr>\n",
       "      <th>...</th>\n",
       "      <td>...</td>\n",
       "      <td>...</td>\n",
       "      <td>...</td>\n",
       "      <td>...</td>\n",
       "      <td>...</td>\n",
       "      <td>...</td>\n",
       "    </tr>\n",
       "    <tr>\n",
       "      <th>317</th>\n",
       "      <td>thlauren_013.jpg</td>\n",
       "      <td>479</td>\n",
       "      <td>1226</td>\n",
       "      <td>836</td>\n",
       "      <td>691</td>\n",
       "      <td>0.998927</td>\n",
       "    </tr>\n",
       "    <tr>\n",
       "      <th>318</th>\n",
       "      <td>thlauren_013.jpg</td>\n",
       "      <td>3345</td>\n",
       "      <td>1160</td>\n",
       "      <td>655</td>\n",
       "      <td>701</td>\n",
       "      <td>0.990143</td>\n",
       "    </tr>\n",
       "    <tr>\n",
       "      <th>319</th>\n",
       "      <td>thlauren_013.jpg</td>\n",
       "      <td>1310</td>\n",
       "      <td>1212</td>\n",
       "      <td>419</td>\n",
       "      <td>642</td>\n",
       "      <td>0.978286</td>\n",
       "    </tr>\n",
       "    <tr>\n",
       "      <th>320</th>\n",
       "      <td>thlauren_013.jpg</td>\n",
       "      <td>3270</td>\n",
       "      <td>1912</td>\n",
       "      <td>537</td>\n",
       "      <td>760</td>\n",
       "      <td>0.920891</td>\n",
       "    </tr>\n",
       "    <tr>\n",
       "      <th>321</th>\n",
       "      <td>thlauren_014.jpg</td>\n",
       "      <td>144</td>\n",
       "      <td>1376</td>\n",
       "      <td>1920</td>\n",
       "      <td>912</td>\n",
       "      <td>0.979596</td>\n",
       "    </tr>\n",
       "  </tbody>\n",
       "</table>\n",
       "<p>322 rows × 6 columns</p>\n",
       "</div>"
      ],
      "text/plain": [
       "             filename     x     y     w    h     score\n",
       "0    atordjma_001.jpg   363   151   557  738  1.000000\n",
       "1    atordjma_002.jpg   672   582   224  366  0.999872\n",
       "2    atordjma_003.jpg  1199   298   649  616  1.000000\n",
       "3    atordjma_003.jpg  1275   309   261  114  0.980425\n",
       "4    atordjma_004.jpg   906   340   244  346  0.999975\n",
       "..                ...   ...   ...   ...  ...       ...\n",
       "317  thlauren_013.jpg   479  1226   836  691  0.998927\n",
       "318  thlauren_013.jpg  3345  1160   655  701  0.990143\n",
       "319  thlauren_013.jpg  1310  1212   419  642  0.978286\n",
       "320  thlauren_013.jpg  3270  1912   537  760  0.920891\n",
       "321  thlauren_014.jpg   144  1376  1920  912  0.979596\n",
       "\n",
       "[322 rows x 6 columns]"
      ]
     },
     "execution_count": 8,
     "metadata": {},
     "output_type": "execute_result"
    }
   ],
   "source": [
    "df = pd.read_csv(\"../notebooks/vgecocup_test_results.csv\")\n",
    "df.drop(\"Unnamed: 0\", axis=1, inplace=True)\n",
    "df"
   ]
  },
  {
   "cell_type": "code",
   "execution_count": 9,
   "metadata": {},
   "outputs": [
    {
     "data": {
      "text/html": [
       "<div>\n",
       "<style scoped>\n",
       "    .dataframe tbody tr th:only-of-type {\n",
       "        vertical-align: middle;\n",
       "    }\n",
       "\n",
       "    .dataframe tbody tr th {\n",
       "        vertical-align: top;\n",
       "    }\n",
       "\n",
       "    .dataframe thead th {\n",
       "        text-align: right;\n",
       "    }\n",
       "</style>\n",
       "<table border=\"1\" class=\"dataframe\">\n",
       "  <thead>\n",
       "    <tr style=\"text-align: right;\">\n",
       "      <th></th>\n",
       "      <th>img</th>\n",
       "      <th>i</th>\n",
       "      <th>j</th>\n",
       "      <th>h</th>\n",
       "      <th>l</th>\n",
       "      <th>s</th>\n",
       "    </tr>\n",
       "  </thead>\n",
       "  <tbody>\n",
       "    <tr>\n",
       "      <th>0</th>\n",
       "      <td>atordjma_001.jpg</td>\n",
       "      <td>151</td>\n",
       "      <td>363</td>\n",
       "      <td>738</td>\n",
       "      <td>557</td>\n",
       "      <td>1.000000</td>\n",
       "    </tr>\n",
       "    <tr>\n",
       "      <th>1</th>\n",
       "      <td>atordjma_002.jpg</td>\n",
       "      <td>582</td>\n",
       "      <td>672</td>\n",
       "      <td>366</td>\n",
       "      <td>224</td>\n",
       "      <td>0.999872</td>\n",
       "    </tr>\n",
       "    <tr>\n",
       "      <th>2</th>\n",
       "      <td>atordjma_003.jpg</td>\n",
       "      <td>298</td>\n",
       "      <td>1199</td>\n",
       "      <td>616</td>\n",
       "      <td>649</td>\n",
       "      <td>1.000000</td>\n",
       "    </tr>\n",
       "    <tr>\n",
       "      <th>3</th>\n",
       "      <td>atordjma_003.jpg</td>\n",
       "      <td>309</td>\n",
       "      <td>1275</td>\n",
       "      <td>114</td>\n",
       "      <td>261</td>\n",
       "      <td>0.980425</td>\n",
       "    </tr>\n",
       "    <tr>\n",
       "      <th>4</th>\n",
       "      <td>atordjma_004.jpg</td>\n",
       "      <td>340</td>\n",
       "      <td>906</td>\n",
       "      <td>346</td>\n",
       "      <td>244</td>\n",
       "      <td>0.999975</td>\n",
       "    </tr>\n",
       "    <tr>\n",
       "      <th>...</th>\n",
       "      <td>...</td>\n",
       "      <td>...</td>\n",
       "      <td>...</td>\n",
       "      <td>...</td>\n",
       "      <td>...</td>\n",
       "      <td>...</td>\n",
       "    </tr>\n",
       "    <tr>\n",
       "      <th>317</th>\n",
       "      <td>thlauren_013.jpg</td>\n",
       "      <td>1226</td>\n",
       "      <td>479</td>\n",
       "      <td>691</td>\n",
       "      <td>836</td>\n",
       "      <td>0.998927</td>\n",
       "    </tr>\n",
       "    <tr>\n",
       "      <th>318</th>\n",
       "      <td>thlauren_013.jpg</td>\n",
       "      <td>1160</td>\n",
       "      <td>3345</td>\n",
       "      <td>701</td>\n",
       "      <td>655</td>\n",
       "      <td>0.990143</td>\n",
       "    </tr>\n",
       "    <tr>\n",
       "      <th>319</th>\n",
       "      <td>thlauren_013.jpg</td>\n",
       "      <td>1212</td>\n",
       "      <td>1310</td>\n",
       "      <td>642</td>\n",
       "      <td>419</td>\n",
       "      <td>0.978286</td>\n",
       "    </tr>\n",
       "    <tr>\n",
       "      <th>320</th>\n",
       "      <td>thlauren_013.jpg</td>\n",
       "      <td>1912</td>\n",
       "      <td>3270</td>\n",
       "      <td>760</td>\n",
       "      <td>537</td>\n",
       "      <td>0.920891</td>\n",
       "    </tr>\n",
       "    <tr>\n",
       "      <th>321</th>\n",
       "      <td>thlauren_014.jpg</td>\n",
       "      <td>1376</td>\n",
       "      <td>144</td>\n",
       "      <td>912</td>\n",
       "      <td>1920</td>\n",
       "      <td>0.979596</td>\n",
       "    </tr>\n",
       "  </tbody>\n",
       "</table>\n",
       "<p>322 rows × 6 columns</p>\n",
       "</div>"
      ],
      "text/plain": [
       "                  img     i     j    h     l         s\n",
       "0    atordjma_001.jpg   151   363  738   557  1.000000\n",
       "1    atordjma_002.jpg   582   672  366   224  0.999872\n",
       "2    atordjma_003.jpg   298  1199  616   649  1.000000\n",
       "3    atordjma_003.jpg   309  1275  114   261  0.980425\n",
       "4    atordjma_004.jpg   340   906  346   244  0.999975\n",
       "..                ...   ...   ...  ...   ...       ...\n",
       "317  thlauren_013.jpg  1226   479  691   836  0.998927\n",
       "318  thlauren_013.jpg  1160  3345  701   655  0.990143\n",
       "319  thlauren_013.jpg  1212  1310  642   419  0.978286\n",
       "320  thlauren_013.jpg  1912  3270  760   537  0.920891\n",
       "321  thlauren_014.jpg  1376   144  912  1920  0.979596\n",
       "\n",
       "[322 rows x 6 columns]"
      ]
     },
     "execution_count": 9,
     "metadata": {},
     "output_type": "execute_result"
    }
   ],
   "source": [
    "df = df[[\"filename\", \"y\", \"x\", \"h\", \"w\", \"score\"]]\n",
    "df.columns = [\"img\", \"i\", \"j\", \"h\", \"l\", \"s\"]\n",
    "df"
   ]
  },
  {
   "cell_type": "code",
   "execution_count": 11,
   "metadata": {},
   "outputs": [],
   "source": [
    "df.to_csv(\"../vgecocup_results.csv\", index=False, header=False)"
   ]
  },
  {
   "cell_type": "code",
   "execution_count": null,
   "metadata": {},
   "outputs": [],
   "source": []
  }
 ],
 "metadata": {
  "interpreter": {
   "hash": "aee8b7b246df8f9039afb4144a1f6fd8d2ca17a180786b69acc140d282b71a49"
  },
  "kernelspec": {
   "display_name": "Python 3.9.8 64-bit",
   "language": "python",
   "name": "python3"
  },
  "language_info": {
   "codemirror_mode": {
    "name": "ipython",
    "version": 3
   },
   "file_extension": ".py",
   "mimetype": "text/x-python",
   "name": "python",
   "nbconvert_exporter": "python",
   "pygments_lexer": "ipython3",
   "version": "3.9.8"
  },
  "orig_nbformat": 4
 },
 "nbformat": 4,
 "nbformat_minor": 2
}
